 x1 = -1.158312 
 x2 = 2.158312